22 21 16 13
22 16 21 16
0 3 21 1
16 22 22 21
16 21 21 16
0 4 2 0
16 21 22 22
21 22 21 21
16 16 21 22
16 16 21 16
22 22 21 16
2 0 0 5
22 22 16 16
21 22 21 21
21 13 16 21
22 22 16 21
22 22 16 22
16 16 22 16
4 22 3 0
3 16 5 0
21 21 13 21
22 22 16 16
22 22 21 21
2 21 5 0
21 16 21 21
22 13 21 22
22 1 0 2
16 16 22 16
22 3 0 1
22 16 22 16
16 16 21 22
4 21 4 0
21 22 21 16
21 21 22 16
21 22 16 16
0 3 21 3
0 3 21 3
16 16 16 21
22 21 21 16
22 22 22 16
3 0 1 22
0 1 16 4
21 21 16 13
0 5 22 5
0 5 21 1
16 22 16 21
0 4 21 3
21 22 16 16
1 0 2 16
0 3 16 2
22 22 21 16
16 1 0 4
0 1 16 2
21 5 0 2
21 16 21 16
1 1 0 0
5 0 2 16
16 21 16 16
16 22 21 22
1 22 4 0
0 3 22 4
3 0 2 21
22 21 22 21
0 5 21 4
22 4 0 5
16 22 21 22
5 13 5 0
21 16 21 22
2 0 0 5
21 22 22 21
0 3 16 2
4 22 5 0
