1 9 3 0
8 8 8 9
7 7 6 9
9 3 0 1
7 8 9 8
9 8 7 7
3 4 0 0
9 9 9 9
8 8 8 6
6 4 0 2
6 6 8 9
6 8 8 7
6 9 9 8
9 6 9 9
9 9 8 7
4 0 2 9
8 4 0 1
1 9 2 0
8 8 9 9
9 3 0 4
0 3 9 1
0 3 9 3
4 0 3 9
8 9 9 8
8 9 7 9
9 8 7 8
1 0 2 9
4 4 0 0
6 7 9 8
1 0 1 8
9 9 6 8
4 0 0 4
9 8 8 8
8 6 8 8
0 1 6 1
1 0 3 8
3 0 2 8
9 8 9 8
7 6 6 8
8 7 9 9
9 8 7 7
8 9 9 6
9 8 9 8
2 2 0 0
8 2 0 3
9 9 8 8
2 0 4 8
6 7 9 8
3 9 1 0
9 8 8 8
9 9 8 8
8 9 8 8
4 0 3 9
0 4 9 1
9 9 9 8
1 8 2 0
7 2 0 2
9 7 8 9
4 8 3 0
8 8 9 9
6 2 0 4
9 9 9 7
8 8 6 8
8 8 9 9
8 8 8 9
9 8 8 6
1 0 2 9
9 8 8 9
0 4 9 3
6 8 7 7
9 2 0 1
3 0 2 8
