1 2 0 0
1 3 0 0
4 2 0 0
2 4 0 0
18 1 0 1
19 4 0 1
21 1 0 1
21 5 0 1
7 2 0 1
9 3 0 1
10 4 0 1
14 3 0 1
14 5 0 1
16 3 0 1
19 1 0 4
20 2 0 4
22 5 0 4
8 5 0 4
9 4 0 4
10 4 0 4
11 3 0 4
12 1 0 4
12 5 0 4
13 1 0 4
16 1 0 4
18 4 0 2
18 2 0 2
19 2 0 2
20 2 0 2
9 5 0 2
10 4 0 2
13 2 0 2
14 4 0 2
14 3 0 2
15 5 0 2
17 3 0 2
20 1 0 3
6 5 0 3
7 5 0 3
8 4 0 3
8 2 0 3
10 1 0 3
10 4 0 3
10 2 0 3
11 1 0 3
13 3 0 3
14 3 0 3
15 3 0 3
18 5 0 5
19 1 0 5
19 4 0 5
21 1 0 5
9 3 0 5
11 3 0 5
11 5 0 5
14 2 0 5
15 1 0 5
15 5 0 5
16 4 0 5
17 2 0 5
21 20 18 18
22 9 18 18
19 6 18 19
18 14 18 20
20 17 18 20
22 22 18 20
7 19 18 20
13 21 18 20
17 14 18 20
6 9 18 6
9 12 18 6
22 20 18 7
10 11 18 7
13 10 18 7
14 6 18 7
22 10 18 8
8 10 18 8
6 15 18 9
13 6 18 9
15 16 18 9
8 20 18 10
20 20 18 11
7 11 18 11
20 8 18 12
21 22 18 12
14 12 18 12
15 13 18 12
18 16 18 13
21 17 18 13
11 15 18 13
7 12 18 14
8 10 18 14
8 11 18 14
11 16 18 14
12 22 18 14
16 6 18 16
11 8 18 17
13 14 18 17
16 21 18 17
17 16 18 17
12 10 19 19
12 15 19 19
15 8 19 19
17 21 19 19
11 10 19 20
6 14 19 21
8 14 19 21
11 10 19 21
15 7 19 21
10 12 19 22
12 10 19 22
13 8 19 6
13 15 19 6
22 11 19 7
9 12 19 7
12 7 19 7
17 15 19 7
6 16 19 8
15 12 19 9
14 17 19 10
22 17 19 11
21 15 19 13
22 8 19 13
13 10 19 13
12 17 19 14
16 10 19 14
22 21 19 15
8 16 19 15
11 6 19 15
13 14 19 15
21 13 19 16
12 22 19 16
22 15 19 17
7 11 19 17
11 6 19 17
15 13 19 17
13 9 20 20
21 6 20 21
21 7 20 21
21 12 20 21
8 16 20 21
10 21 20 21
15 12 20 21
16 16 20 21
6 11 20 22
20 12 20 6
20 17 20 6
6 22 20 6
10 12 20 6
21 7 20 8
11 17 20 8
7 7 20 9
7 8 20 9
17 15 20 9
9 9 20 11
9 12 20 11
17 9 20 11
9 15 20 13
14 21 20 13
16 16 20 14
21 13 20 15
22 13 20 15
10 7 20 17
11 15 20 17
6 11 21 22
11 14 21 22
6 6 21 7
7 10 21 8
8 16 21 8
11 14 21 9
13 15 21 9
16 7 21 9
10 10 21 10
12 13 21 10
9 16 21 11
9 8 21 12
22 11 21 13
12 15 21 14
14 10 21 14
9 15 21 15
7 15 21 16
9 7 21 16
8 14 22 22
17 9 22 6
8 12 22 7
14 14 22 7
16 9 22 8
22 16 22 9
6 8 22 9
15 8 22 9
6 6 22 10
10 13 22 10
7 9 22 11
16 7 22 12
16 17 22 12
17 10 22 12
7 17 22 13
8 14 22 13
13 13 22 13
8 6 22 14
16 14 22 15
17 9 22 15
12 8 22 16
12 14 22 16
15 6 22 16
17 16 22 16
17 9 6 6
8 17 6 7
14 10 6 7
7 8 6 9
15 10 6 9
6 15 6 10
14 14 6 11
6 13 6 12
11 17 6 12
17 16 6 12
8 10 6 13
11 12 6 15
7 11 6 16
7 15 6 17
16 16 6 17
16 17 6 17
12 17 7 7
13 9 7 7
15 10 7 7
8 10 7 9
12 12 7 9
8 14 7 11
9 17 7 13
15 14 7 13
12 13 7 14
12 16 7 14
8 13 8 8
15 11 8 9
9 11 8 11
9 13 8 11
12 10 8 11
11 15 8 12
10 17 8 13
16 10 8 13
9 16 8 14
11 16 8 14
10 12 9 10
13 14 9 10
17 13 9 11
15 17 9 16
16 17 10 10
12 11 10 11
11 16 10 12
15 16 10 13
17 14 11 11
14 12 11 12
15 13 12 14
16 15 13 15
15 17 13 17
16 17 14 17
