 1 2 0 0
 2 1 0 0
 4 3 0 0
 5 2 0 0
 6 1 0 1
 9 4 0 1
 10 3 0 1
 11 2 0 1
 12 4 0 1
 13 4 0 1
 17 3 0 1
 19 5 0 1
 20 3 0 1
 21 4 0 1
 22 3 0 1
 6 3 0 2
 6 5 0 2
 7 4 0 2
 8 3 0 2
 10 2 0 2
 10 5 0 2
 14 3 0 2
 17 4 0 2
 17 5 0 2
 19 2 0 2
 20 4 0 2
 6 3 0 3
 7 1 0 3
 7 5 0 3
 12 1 0 3
 15 1 0 3
 15 2 0 3
 15 4 0 3
 15 5 0 3
 16 5 0 3
 18 1 0 3
 18 2 0 3
 21 4 0 3
 6 4 0 4
 6 5 0 4
 7 5 0 4
 10 5 0 4
 11 4 0 4
 14 2 0 4
 15 3 0 4
 16 3 0 4
 17 1 0 4
 18 5 0 4
 20 1 0 4
 7 5 0 5
 9 1 0 5
 10 2 0 5
 11 1 0 5
 13 2 0 5
 15 2 0 5
 15 3 0 5
 15 4 0 5
 16 1 0 5
 21 1 0 5
 22 2 0 5
18 15 6 6
 17 9 6 7
15 11 6 8
22 10 6 8
8 16 6 9
 14 9 6 9
14 14 6 9
17 19 6 9
6 11 6 10
18 18 6 10
21 19 6 10
14 17 6 11
 16 9 6 11
16 12 6 11
18 18 6 11
22 10 6 11
14 19 6 12
18 12 6 12
20 22 6 12
22 15 6 12
19 22 6 13
22 11 6 13
16 17 6 14
 18 7 6 15
19 11 6 15
 7 9 6 16
8 22 6 16
19 18 6 16
12 10 6 17
13 21 6 17
17 21 6 17
18 17 6 17
19 13 6 18
7 10 6 19
 16 8 6 19
16 14 6 19
 18 9 6 19
18 21 6 19
9 15 6 20
12 12 6 20
12 22 6 21
10 10 6 22
22 19 7 7
13 17 7 8
 16 8 7 8
8 15 7 9
8 19 7 9
11 12 7 9
21 13 7 9
13 10 7 10
14 18 7 10
20 16 7 10
12 14 7 11
17 20 7 11
8 18 7 12
9 22 7 12
22 21 7 12
12 20 7 13
14 15 7 13
20 19 7 13
12 22 7 15
21 18 7 15
9 21 7 16
13 21 7 16
17 20 7 16
 10 9 7 17
11 17 7 17
14 15 7 17
17 17 7 17
17 15 7 18
 19 8 7 18
 22 8 7 18
16 17 7 19
21 11 7 19
 15 9 7 20
15 11 7 20
17 12 7 20
9 16 7 21
11 21 7 21
13 11 7 21
17 21 7 21
17 18 7 22
13 11 8 8
19 17 8 8
21 12 8 8
11 13 8 9
15 18 8 9
 20 9 8 9
19 16 8 10
20 14 8 10
14 13 8 11
8 13 8 12
16 10 8 12
13 12 8 13
14 17 8 13
16 20 8 13
19 12 8 14
22 20 8 14
21 16 8 15
17 15 8 16
22 10 8 16
22 18 8 16
18 17 8 17
12 15 8 18
13 20 8 18
10 11 8 19
14 22 8 20
19 17 8 20
20 12 8 20
9 18 8 21
14 12 8 21
17 19 8 21
14 15 8 22
17 11 8 22
13 11 9 9
14 17 9 9
20 13 9 9
22 10 9 9
12 10 9 11
17 13 9 13
13 12 9 14
20 15 9 14
11 12 9 15
18 10 9 15
17 17 9 16
11 20 9 17
19 13 9 18
14 11 9 20
22 13 9 20
11 16 9 21
18 22 9 21
20 18 9 21
11 18 9 22
19 22 9 22
11 22 10 10
12 14 10 10
16 21 10 10
15 11 10 11
12 19 10 12
21 19 10 12
22 15 10 13
15 17 10 14
20 14 10 14
16 15 10 15
12 11 10 16
16 18 10 16
22 21 10 17
14 18 10 20
15 22 10 20
17 12 10 20
10 22 10 21
18 19 10 21
19 15 10 21
11 14 11 11
12 20 11 11
16 20 11 13
13 18 11 14
19 21 11 15
22 22 11 17
13 16 11 19
16 21 11 19
16 20 11 20
13 14 11 21
13 14 11 22
12 14 12 12
20 18 12 12
13 21 12 14
14 21 12 14
21 16 12 14
18 13 12 15
19 13 12 16
17 22 12 18
13 18 12 20
19 16 13 14
16 20 13 15
15 15 13 16
20 15 13 16
21 16 13 16
19 14 13 18
20 22 13 18
22 14 13 20
22 22 13 20
14 22 13 21
17 22 14 15
19 16 14 15
20 19 14 17
14 21 14 19
16 15 14 19
18 16 14 19
19 21 15 15
18 19 15 18
21 16 15 19
21 18 16 20
18 21 17 19
22 22 19 22
21 22 20 20
